Threads_count OpenMP_Duration_(s) MPI_Duration_(s)
01  154.12405  152.05263
02   77.09770   76.90298
03   51.54825   51.62457
04   38.54111   38.74791
05   30.78830   30.78463
06   25.62170   25.83351
07   21.99462   22.02839
08   19.28734   19.31109
09   17.14239   17.16448
10   15.42892   15.40084
11   14.02177   14.01302
12   12.83840   12.87284
13   11.86212   11.84667
14   11.05631   11.01383
15   10.28947   10.26692
16    9.64525    9.62611
17    9.08172    9.05880
18    8.57759    8.55840
19    8.12637    8.17023
20    7.72189    7.71482
21    7.45723    7.36374
22    7.45128    7.00955
23    7.24075    6.71280
24    7.29431    6.53756
25    7.17758    6.16490
26    6.58941    5.94701
27    7.12458    5.72571
28    5.55899    5.52347
29    6.66547    5.33842
30    6.38380    5.16338
31    6.59720    4.99469
32    6.88984    4.84191
33    6.85246    4.71699
34    6.65728    4.56892
35    6.77468    4.42732
36    6.57529    4.30450
37    6.47023    4.19661
38    6.33476    4.09629
39    6.17416    3.99905
40    6.13148    3.90798
41    5.83625    7.40466
42    5.69056    7.26461
43    6.40563    7.08852
44    6.43426    6.93907
45    5.81516    6.79672
46    5.28220    6.63628
47    5.93635    6.51682
48    5.97779    6.37344
49    5.77703    6.24054
50    5.58089    6.12526
51    5.55849    6.01670
52    5.67228    5.90367
53    5.14590    5.79567
54    5.45733    5.69929
55    5.23888    5.59317
56    5.12190    5.50332
57    4.82308    5.40434
58    5.17079    5.32262
59    5.03071    5.23312
60    4.97290    5.14773
61    4.87165    5.05659
62    4.80370    4.98477
63    4.92671    4.91357
64    4.62222    4.86577
65    4.67728    4.78801
66    4.68841    4.70948
67    4.56206    4.65069
68    4.53845    4.59118
69    4.50135    4.60506
70    4.36917    4.47765
71    4.35987    4.42316
72    4.31490    4.36891
73    4.27681    4.31673
74    4.21284    4.26195
75    4.15066    4.21439
76    4.09531    4.17498
77    4.03495    4.13270
78    4.07005    4.08657
79    3.94175    4.04884
80    3.91365    3.98289
81    4.61749    7.40075
82    4.60781    7.58448
83    4.76211    7.36823
84    4.53883    7.37194
85    4.65159    7.34954
86    4.62281    7.15099
87    4.43638    7.24451
88    4.43900    7.03116
89    4.72842    6.87209
90    4.39270    6.85880
91    4.59804    6.91835
92    4.68636    6.79050
93    4.49077    6.68271
94    4.70517    6.61545
95    4.58773    6.61535
96    4.64969    6.43989
97    4.61262    6.30834
98    4.57031    6.37057
99    4.60739    6.32203
100    4.58533    6.25516
101    4.51829    6.15113
102    4.45901    6.01111
103    4.54675    6.08005
104    4.46907    6.03550
105    4.48146    5.90718
106    4.45681    5.77419
107    4.35720    5.71916
108    4.37112    5.75524
109    4.36122    5.65318
110    4.36093    5.81388
111    4.39978    5.58140
112    4.54857    5.55709
113    4.49516    5.58302
114    4.40829    5.52069
115    4.47521    5.32794
116    4.45812    5.51097
117    4.49114    5.49811
118    4.43460    5.41441
119    4.45455    5.15561
120    4.48229    5.15274
121    4.41152    5.13333
122    4.39122    5.17370
123    4.52221    5.04841
124    4.50685    5.21229
125    4.49768    5.01349
126    4.50961    4.94935
127    4.49891    4.90480
128    4.49055    4.84709
129    4.35959    4.90531
130    4.45789    4.76007
131    4.45346    4.72590
132    4.39381    4.76170
133    4.43591    4.63470
134    4.50443    4.74683
135    4.54778    4.87175
136    4.43014    4.55855
137    4.56394    4.78183
138    4.54727    4.52608
139    4.51313    4.48441
140    4.55225    4.45857
141    4.50749    4.75226
142    4.51622    4.71907
143    4.54974    4.43731
144    4.45066    4.47432
145    4.55178    4.58253
146    4.53814    4.25379
147    4.49026    4.38576
148    4.43605    4.59189
149    4.50227    4.43876
150    4.61289    4.17756
151    4.47238    4.34094
152    4.61975    4.17725
153    4.50852    4.21235
154    4.59351    4.02180
155    4.55030    3.96642
156    4.56720    3.99471
157    4.56315    4.30420
158    4.55523    4.17952
159    4.58823    4.35400
160    4.55943    4.45550
