#This was launch with : --steplog 0.05 --unroll 2 --type read --cacheline 64 --prefix out --output out_2 --matrixsize 2000 --stride 64 
-1,64
7168,0
8192,69.25
9216,68.81
11264,63.48
12288,65.62
13312,67.92
15360,65.75
17408,65.07
19456,65.72
22528,63.62
24576,65.35
27648,65.11
31744,63.64
34816,65.24
39936,63.76
44032,64.93
50176,63.94
56320,63.93
63488,63.64
70656,64.17
79872,63.61
89088,64.05
100352,63.78
112640,63.75
125952,63.96
141312,64.03
158720,63.97
178176,63.91
200704,63.58
225280,63.52
252928,63.56
283648,63.57
318464,63.51
356352,63.65
400384,63.58
449536,63.56
503808,63.54
566272,63.34
634880,63.39
712704,63.37
799744,63.21
897024,63.19
1006592,56.81
1129472,36.57
1267712,22.75
1422336,17.83
1595392,15.93
1790976,15.67
2009088,15.94
2253824,16.73
2529280,17.41
2837504,18.03
3184640,18.64
3572736,19.17
4008960,19.56
4498432,20.25
5047296,19.90
5662720,19.81
6353920,20.28
7129088,20.54
7999488,20.85
8975360,21.21
10071040,21.27
11299840,21.23
12678144,21.21
14225408,21.17
15961088,21.15
17909760,21.00
20094976,20.85
22546432,20.23
25297920,20.03
28384256,19.69
31848448,19.13
35734528,18.42
40094720,17.33
44986368,16.62
50476032,15.83
56635392,15.35
63545344,14.95
71299072,14.51
80000000,14.16
89760768,13.86
100713472,13.62
113002496,13.45
126790656,13.28
142262272,13.16
159620096,13.03
179097600,12.97
200950784,12.85
225470464,12.82
252981248,12.76
283849728,12.74
318485504,12.70
357346304,12.71
400949248,12.67
449872896,12.65
504765440,12.66
566355968,12.65
635461632,12.64
712999936,12.64
800000000,12.64
897613824,12.62
1007139840,12.63
1130029056,12.62
1267913728,12.62
1422622720,12.61
1596209152,12.61
1790976000,12.60
2009508864,12.61
