#This was launch with : --steplog 0.05 --unroll 2 --type read --cacheline 64 --prefix out --output out_no_turbo --matrixsize 2000 --stride 64 
-1,64
7168,0
8192,68.68
9216,82.88
11264,76.42
12288,78.75
13312,81.59
15360,78.91
17408,78.06
19456,78.90
22528,76.50
24576,78.32
27648,78.19
31744,76.38
34816,78.44
39936,76.65
44032,77.91
50176,76.74
56320,76.82
63488,76.39
70656,77.07
79872,76.49
89088,77.00
100352,76.62
112640,76.55
125952,76.79
141312,76.94
158720,76.75
178176,76.76
200704,76.36
225280,76.47
252928,76.34
283648,76.36
318464,76.30
356352,76.39
400384,76.47
449536,76.24
503808,76.31
566272,76.19
634880,76.33
712704,75.98
799744,75.80
897024,75.99
1006592,70.15
1129472,50.34
1267712,36.73
1422336,28.86
1595392,25.07
1790976,24.12
2009088,23.94
2253824,23.91
2529280,23.92
2837504,23.91
3184640,23.88
3572736,23.87
4008960,23.88
4498432,23.87
5047296,23.84
5662720,23.83
6353920,23.80
7129088,23.79
7999488,23.76
8975360,23.69
10071040,23.62
11299840,23.63
12678144,23.60
14225408,23.47
15961088,23.45
17909760,23.23
20094976,23.24
22546432,22.77
25297920,22.25
28384256,21.12
31848448,20.33
35734528,19.41
40094720,18.34
44986368,17.57
50476032,16.80
56635392,16.14
63545344,15.61
71299072,15.20
80000000,14.82
89760768,14.48
100713472,14.24
113002496,14.02
126790656,13.83
142262272,13.64
159620096,13.46
179097600,13.28
200950784,13.16
225470464,13.04
252981248,12.97
283849728,12.91
318485504,12.87
357346304,12.84
400949248,12.83
449872896,12.81
504765440,12.81
566355968,12.77
635461632,12.78
712999936,12.77
800000000,12.77
897613824,12.77
1007139840,12.77
1130029056,12.77
1267913728,12.75
1422622720,12.75
1596209152,12.75
1790976000,12.75
2009508864,12.73
