#This was launch with : --steplog 0.05 --unroll 2 --type read --cacheline 64 --prefix out --output out_1 --matrixsize 2000 --stride 64 
-1,64
7168,0
8192,34.62
9216,34.38
11264,31.77
12288,32.73
13312,33.87
15360,32.82
17408,32.47
19456,32.80
22528,31.71
24576,32.57
27648,32.49
31744,31.77
34816,32.57
39936,31.79
44032,32.37
50176,31.90
56320,31.88
63488,31.74
70656,32.02
79872,31.80
89088,31.98
100352,31.82
112640,31.77
125952,31.94
141312,31.95
158720,31.92
178176,31.85
200704,31.75
225280,31.77
252928,31.74
283648,31.69
318464,31.73
356352,31.70
400384,31.74
449536,31.69
503808,31.77
566272,31.71
634880,31.72
712704,31.64
799744,31.66
897024,28.80
1006592,28.23
1129472,22.11
1267712,15.91
1422336,13.34
1595392,12.09
1790976,11.64
2009088,11.56
2253824,11.71
2529280,11.90
2837504,12.28
3184640,12.20
3572736,12.27
4008960,12.26
4498432,12.68
5047296,12.68
5662720,12.67
6353920,12.67
7129088,12.66
7999488,12.66
8975360,12.64
10071040,12.63
11299840,12.62
12678144,12.61
14225408,12.60
15961088,12.59
17909760,12.55
20094976,12.59
22546432,12.47
25297920,12.44
28384256,12.49
31848448,12.47
35734528,12.22
40094720,12.06
44986368,11.75
50476032,11.48
56635392,11.21
63545344,11.01
71299072,10.82
80000000,10.66
89760768,10.51
100713472,10.37
113002496,10.24
126790656,10.18
142262272,10.10
159620096,10.04
179097600,9.97
200950784,9.91
225470464,9.87
252981248,9.83
283849728,9.79
318485504,9.75
357346304,9.73
400949248,9.70
449872896,9.66
504765440,9.65
566355968,9.63
635461632,9.60
712999936,9.59
800000000,9.58
897613824,9.57
1007139840,9.56
1130029056,9.55
1267913728,9.55
1422622720,9.54
1596209152,9.53
1790976000,9.53
2009508864,9.52
