#This was launch with : --steplog 0.05 --unroll 2 --type read --cacheline 64 --prefix out --output out_turbo_on --matrixsize 2000 --stride 64 
-1,64
7168,0
8192,86.19
9216,127.85
11264,117.93
12288,121.66
13312,126.02
15360,121.85
17408,120.47
19456,121.67
22528,117.91
24576,120.91
27648,120.59
31744,117.97
34816,121.02
39936,118.35
44032,120.10
50176,118.51
56320,118.45
63488,117.83
70656,119.16
79872,118.03
89088,118.74
100352,117.97
112640,118.06
125952,118.54
141312,118.65
158720,118.55
178176,118.33
200704,117.78
225280,117.76
252928,117.69
283648,117.80
318464,117.74
356352,118.03
400384,117.77
449536,117.68
503808,117.39
566272,110.54
634880,109.28
712704,110.96
799744,113.99
897024,99.50
1006592,84.73
1129472,52.79
1267712,44.10
1422336,34.72
1595392,29.73
1790976,27.64
2009088,26.72
2253824,26.64
2529280,26.61
2837504,26.61
3184640,26.59
3572736,26.42
4008960,26.55
4498432,26.52
5047296,26.51
5662720,26.43
6353920,26.42
7129088,26.36
7999488,26.38
8975360,26.34
10071040,26.19
11299840,26.18
12678144,25.97
14225408,25.91
15961088,25.89
17909760,25.25
20094976,25.29
22546432,24.20
25297920,23.11
28384256,22.74
31848448,22.54
35734528,21.25
40094720,19.76
44986368,18.73
50476032,17.94
56635392,17.22
63545344,16.59
71299072,16.06
80000000,15.64
89760768,15.29
100713472,14.89
113002496,14.70
126790656,14.48
142262272,14.28
159620096,14.11
179097600,13.92
200950784,13.83
225470464,13.71
252981248,13.63
283849728,13.54
318485504,13.46
357346304,13.39
400949248,13.33
449872896,13.28
504765440,13.23
566355968,13.18
635461632,13.16
712999936,13.12
800000000,13.09
897613824,13.07
1007139840,13.05
1130029056,13.01
1267913728,13.01
1422622720,12.99
1596209152,12.97
1790976000,12.97
2009508864,12.95
