#This was launch with : --steplog 0.05 --unroll 2 --type read --cacheline 64 --prefix out --output out_1 --matrixsize 2000 --stride 64 
-1,1,2,3,4
8192,34.62,69.25,68.68,86.19
9216,34.38,68.81,82.88,127.85
11264,31.77,63.48,76.42,117.93
12288,32.73,65.62,78.75,121.66
13312,33.87,67.92,81.59,126.02
15360,32.82,65.75,78.91,121.85
17408,32.47,65.07,78.06,120.47
19456,32.80,65.72,78.90,121.67
22528,31.71,63.62,76.50,117.91
24576,32.57,65.35,78.32,120.91
27648,32.49,65.11,78.19,120.59
31744,31.77,63.64,76.38,117.97
34816,32.57,65.24,78.44,121.02
39936,31.79,63.76,76.65,118.35
44032,32.37,64.93,77.91,120.10
50176,31.90,63.94,76.74,118.51
56320,31.88,63.93,76.82,118.45
63488,31.74,63.64,76.39,117.83
70656,32.02,64.17,77.07,119.16
79872,31.80,63.61,76.49,118.03
89088,31.98,64.05,77.00,118.74
100352,31.82,63.78,76.62,117.97
112640,31.77,63.75,76.55,118.06
125952,31.94,63.96,76.79,118.54
141312,31.95,64.03,76.94,118.65
158720,31.92,63.97,76.75,118.55
178176,31.85,63.91,76.76,118.33
200704,31.75,63.58,76.36,117.78
225280,31.77,63.52,76.47,117.76
252928,31.74,63.56,76.34,117.69
283648,31.69,63.57,76.36,117.80
318464,31.73,63.51,76.30,117.74
356352,31.70,63.65,76.39,118.03
400384,31.74,63.58,76.47,117.77
449536,31.69,63.56,76.24,117.68
503808,31.77,63.54,76.31,117.39
566272,31.71,63.34,76.19,110.54
634880,31.72,63.39,76.33,109.28
712704,31.64,63.37,75.98,110.96
799744,31.66,63.21,75.80,113.99
897024,28.80,63.19,75.99,99.50
1006592,28.23,56.81,70.15,84.73
1129472,22.11,36.57,50.34,52.79
1267712,15.91,22.75,36.73,44.10
1422336,13.34,17.83,28.86,34.72
1595392,12.09,15.93,25.07,29.73
1790976,11.64,15.67,24.12,27.64
2009088,11.56,15.94,23.94,26.72
2253824,11.71,16.73,23.91,26.64
2529280,11.90,17.41,23.92,26.61
2837504,12.28,18.03,23.91,26.61
3184640,12.20,18.64,23.88,26.59
3572736,12.27,19.17,23.87,26.42
4008960,12.26,19.56,23.88,26.55
4498432,12.68,20.25,23.87,26.52
5047296,12.68,19.90,23.84,26.51
5662720,12.67,19.81,23.83,26.43
6353920,12.67,20.28,23.80,26.42
7129088,12.66,20.54,23.79,26.36
7999488,12.66,20.85,23.76,26.38
8975360,12.64,21.21,23.69,26.34
10071040,12.63,21.27,23.62,26.19
11299840,12.62,21.23,23.63,26.18
12678144,12.61,21.21,23.60,25.97
14225408,12.60,21.17,23.47,25.91
15961088,12.59,21.15,23.45,25.89
17909760,12.55,21.00,23.23,25.25
20094976,12.59,20.85,23.24,25.29
22546432,12.47,20.23,22.77,24.20
25297920,12.44,20.03,22.25,23.11
28384256,12.49,19.69,21.12,22.74
31848448,12.47,19.13,20.33,22.54
35734528,12.22,18.42,19.41,21.25
40094720,12.06,17.33,18.34,19.76
44986368,11.75,16.62,17.57,18.73
50476032,11.48,15.83,16.80,17.94
56635392,11.21,15.35,16.14,17.22
63545344,11.01,14.95,15.61,16.59
71299072,10.82,14.51,15.20,16.06
80000000,10.66,14.16,14.82,15.64
89760768,10.51,13.86,14.48,15.29
100713472,10.37,13.62,14.24,14.89
113002496,10.24,13.45,14.02,14.70
126790656,10.18,13.28,13.83,14.48
142262272,10.10,13.16,13.64,14.28
159620096,10.04,13.03,13.46,14.11
179097600,9.97,12.97,13.28,13.92
200950784,9.91,12.85,13.16,13.83
225470464,9.87,12.82,13.04,13.71
252981248,9.83,12.76,12.97,13.63
283849728,9.79,12.74,12.91,13.54
318485504,9.75,12.70,12.87,13.46
357346304,9.73,12.71,12.84,13.39
400949248,9.70,12.67,12.83,13.33
449872896,9.66,12.65,12.81,13.28
504765440,9.65,12.66,12.81,13.23
566355968,9.63,12.65,12.77,13.18
635461632,9.60,12.64,12.78,13.16
712999936,9.59,12.64,12.77,13.12
800000000,9.58,12.64,12.77,13.09
897613824,9.57,12.62,12.77,13.07
1007139840,9.56,12.63,12.77,13.05
1130029056,9.55,12.62,12.77,13.01
1267913728,9.55,12.62,12.75,13.01
1422622720,9.54,12.61,12.75,12.99
1596209152,9.53,12.61,12.75,12.97
1790976000,9.53,12.60,12.75,12.97
2009508864,9.52,12.61,12.73,12.95