 34.67 38.03 41.65 45.08 48.57 52.00 55.57 58.91 62.33 66.04 65.37 72.82 76.29 79.74 83.25 86.69 90.37 93.72 97.32 100.83 104.03 107.28 111.19 114.61 118.14 117.11 117.31 117.11 118.03 118.03 128.18
 34.34 37.73 41.22 44.69 48.16 51.58 55.06 58.54 61.96 65.40 68.77 72.27 75.76 79.18 82.62 86.03 89.61 93.18 96.56 97.98 103.13 106.68 110.20 113.49 117.28 116.36 116.26 116.87 116.77 116.97 127.48
 31.72 34.85 37.89 41.29 44.42 47.66 50.81 54.03 57.20 60.34 50.62 66.77 69.93 72.50 76.29 79.36 82.69 85.92 89.05 92.17 68.19 98.53 101.90 104.84 108.31 107.70 107.70 108.14 107.70 107.79 117.72
 32.70 35.97 39.31 42.58 45.79 49.16 52.42 55.75 58.91 62.30 59.48 68.85 72.11 75.39 78.71 81.98 85.26 88.70 91.79 95.11 98.17 101.66 104.92 107.96 111.55 110.91 88.23 111.46 111.00 111.00 121.33
 33.81 37.24 40.64 43.90 47.37 50.88 54.29 57.60 61.06 64.52 67.71 71.24 74.64 78.07 81.39 84.89 88.24 91.61 95.18 98.54 83.00 67.65 108.76 70.23 115.50 114.71 114.51 115.00 115.60 114.51 125.55
 32.77 36.02 39.33 42.56 45.87 49.27 52.57 55.86 59.04 62.32 60.46 69.01 58.22 75.56 78.86 82.31 85.58 88.88 92.19 95.41 69.91 67.24 105.42 108.33 111.86 111.02 111.12 111.58 110.11 111.12 121.41
 32.41 35.59 38.88 42.18 45.48 48.70 51.91 55.24 58.50 61.74 64.79 68.23 71.47 74.71 77.97 81.29 84.53 73.07 91.03 94.24 81.24 100.47 104.15 107.15 110.61 109.97 110.06 109.97 110.15 109.79 73.60
 32.72 35.94 39.32 42.59 45.85 49.27 52.48 55.75 59.12 62.39 58.50 68.96 60.10 75.61 78.85 79.17 85.42 88.87 63.54 95.38 98.24 101.82 105.34 108.40 111.83 111.19 110.18 111.46 110.09 111.19 121.45
 31.72 34.86 38.09 41.27 44.43 47.63 50.81 54.06 51.91 60.41 63.29 66.75 70.07 73.20 76.28 79.63 82.67 85.96 89.04 92.34 95.43 98.51 101.88 104.74 108.29 107.77 85.79 107.08 107.77 107.69 95.64
 32.50 35.76 39.10 42.30 44.36 48.94 52.12 55.45 58.73 61.97 61.34 68.50 71.73 75.03 78.32 81.66 84.98 88.11 72.62 94.59 97.91 100.94 104.57 67.26 111.17 110.62 110.43 103.28 110.34 110.34 120.69
 32.45 35.66 38.95 42.23 42.96 48.78 52.02 55.11 58.56 61.80 64.92 53.95 71.58 74.82 78.05 81.42 84.56 75.50 91.12 94.47 77.92 67.10 104.09 107.26 110.54 110.26 110.17 109.81 109.99 109.99 120.38
 31.68 34.88 38.05 41.22 44.37 47.60 50.89 54.03 57.15 55.74 59.91 66.68 69.92 64.94 76.29 79.61 82.60 74.72 89.20 92.34 95.16 78.21 77.53 87.51 108.33 108.16 107.55 108.07 107.46 106.69 77.08
 32.53 35.78 39.01 42.34 45.54 48.86 52.10 55.30 58.68 61.90 65.05 68.47 71.69 75.06 78.21 78.85 84.73 88.00 91.36 94.58 97.89 69.07 104.52 107.62 111.01 110.19 91.92 109.56 68.75 87.95 120.58
 31.77 34.94 38.17 41.35 44.53 47.78 50.95 54.14 57.38 50.74 58.61 66.97 70.12 73.46 76.52 79.51 83.05 86.26 89.30 92.63 63.64 98.69 102.06 67.11 108.59 108.06 107.80 108.59 108.59 108.15 68.48
 32.36 35.56 38.87 42.12 45.32 48.61 51.84 55.14 58.28 61.62 64.81 68.10 71.32 74.57 58.43 80.82 71.02 87.74 90.89 94.21 80.19 68.13 104.00 106.81 110.51 109.69 110.14 109.07 110.23 109.78 120.00
 31.87 35.01 38.28 41.49 44.63 47.88 51.12 54.25 57.50 60.70 58.76 67.11 70.24 73.47 76.61 71.05 82.35 86.21 89.55 92.64 79.80 98.86 102.25 105.38 108.62 108.45 108.27 87.91 85.45 108.10 117.88
 31.86 34.98 38.28 41.47 44.58 46.36 51.10 54.22 57.45 60.67 63.75 67.03 70.26 73.45 76.60 59.33 82.94 86.25 89.53 92.74 95.72 74.93 102.36 105.09 108.75 108.49 107.62 84.77 108.75 108.22 118.13
 31.71 34.82 38.10 40.09 44.38 47.68 50.86 54.03 57.14 60.38 63.49 66.74 69.87 73.10 76.26 79.46 82.64 85.87 89.00 92.18 81.54 70.68 101.68 104.94 108.06 107.63 107.80 108.24 107.46 106.69 73.50
 32.00 35.21 38.44 41.58 44.79 48.04 51.23 54.43 57.74 60.96 64.02 67.33 70.55 73.72 76.94 80.30 83.34 86.74 89.81 93.05 79.26 83.19 102.74 105.82 109.18 80.44 108.56 108.91 109.00 105.07 118.53
 31.76 34.88 38.11 40.57 44.47 44.62 50.86 54.04 57.30 60.48 63.55 66.87 70.05 73.31 76.36 79.29 82.77 86.11 61.67 92.47 95.29 98.44 102.04 105.00 107.44 70.57 108.04 79.34 107.69 107.61 117.61
 31.93 35.08 38.32 41.55 44.70 47.34 51.17 54.43 57.53 60.80 58.82 66.56 70.30 56.75 76.87 79.98 73.25 86.43 72.93 92.83 65.49 66.49 102.57 105.64 108.99 108.55 108.63 108.46 71.46 86.71 118.42
 31.78 34.90 38.11 40.52 44.49 47.78 50.92 54.17 57.34 60.45 63.60 55.40 70.16 73.27 76.53 79.63 82.88 86.01 89.10 92.55 78.92 98.54 102.14 105.19 108.25 107.64 107.12 67.27 84.55 108.16 117.55
 31.77 34.95 38.13 40.65 42.90 47.63 50.98 54.08 48.86 60.50 57.27 53.01 69.96 73.21 76.47 68.53 82.79 86.14 75.18 92.37 95.32 74.30 101.92 105.03 108.42 107.99 84.35 108.16 108.07 107.81 117.86
 31.89 35.02 38.33 41.51 44.68 47.88 51.15 54.35 57.54 60.67 63.78 66.70 70.30 73.50 76.70 79.71 82.96 86.44 89.50 92.72 80.23 69.18 80.76 105.48 108.73 108.21 108.73 85.45 107.69 108.30 73.66
 31.86 34.99 38.32 41.50 44.65 47.89 51.13 54.34 57.57 60.75 57.62 67.01 70.32 73.40 76.64 79.69 82.64 86.31 72.06 92.83 79.79 99.16 69.84 105.07 108.82 108.38 108.29 85.82 108.38 108.21 118.23
 31.89 34.97 38.31 41.47 44.62 44.62 51.12 54.24 57.45 60.59 63.73 66.97 70.34 73.43 76.40 79.71 82.61 86.28 89.27 92.59 77.37 67.72 102.35 76.75 108.56 108.13 107.43 83.07 107.26 107.95 93.24
 31.82 34.97 38.15 41.41 43.57 47.84 51.03 54.21 57.49 60.64 51.70 66.97 70.17 73.35 76.15 79.73 82.78 85.97 62.07 92.82 95.61 82.23 102.17 67.28 108.72 108.11 108.20 78.42 108.20 107.50 118.01
 31.73 34.84 38.13 41.28 44.38 47.62 50.80 54.05 55.99 60.29 63.40 66.64 69.91 73.15 75.97 79.34 67.08 86.00 72.60 92.33 95.42 98.50 101.79 82.76 108.02 107.58 107.58 82.25 107.50 106.56 117.47
 31.71 34.78 38.05 41.26 44.39 47.63 50.77 53.95 57.12 58.88 63.43 66.58 69.92 72.93 75.52 79.32 82.09 85.94 88.67 92.15 95.36 77.31 101.59 70.73 108.15 107.46 107.98 89.56 107.80 107.46 75.26
 31.70 34.76 38.03 41.23 44.33 47.59 50.68 53.90 57.16 55.51 59.76 66.53 69.93 72.93 75.74 68.12 82.39 85.71 88.72 92.26 77.62 67.03 101.63 104.48 107.93 107.76 107.67 107.24 107.33 107.41 88.19
 31.71 34.78 38.04 41.24 44.38 47.65 50.75 53.97 57.17 60.28 63.36 66.54 69.83 72.95 75.85 75.85 82.12 72.48 88.82 92.12 94.99 81.82 101.63 87.83 108.11 107.33 107.67 107.50 107.58 85.75 117.39
 31.64 34.78 38.00 41.17 44.35 47.60 50.72 53.91 57.06 60.30 59.29 66.48 69.81 72.97 75.74 79.24 81.86 85.63 88.52 92.24 77.76 98.28 101.64 89.65 107.87 68.10 107.43 106.92 107.26 107.61 117.02
 31.75 34.78 38.11 41.34 44.46 47.75 50.92 53.98 57.27 60.32 63.44 66.64 69.95 73.05 69.37 56.16 82.02 86.03 88.78 77.73 94.96 76.22 101.68 81.57 108.19 107.75 107.40 107.66 107.84 107.40 117.41
 31.68 34.75 38.10 41.28 44.37 47.58 48.41 53.97 55.06 60.34 58.73 66.48 69.92 73.05 76.08 70.66 81.90 85.89 88.97 92.28 77.53 66.29 101.67 104.53 72.57 107.81 107.81 107.46 107.12 107.64 73.94
 31.69 34.70 38.09 41.24 44.37 47.56 50.81 53.94 57.13 60.16 63.32 61.07 69.78 72.81 75.86 71.79 82.18 85.70 88.71 92.00 80.31 80.17 101.54 104.64 107.83 83.77 107.57 107.83 107.57 107.23 117.27
 31.73 34.82 38.10 41.23 44.41 47.59 50.84 53.88 52.83 60.35 58.36 66.65 69.76 73.09 76.27 59.54 82.30 85.80 88.83 92.27 78.61 98.26 101.71 104.67 108.24 81.15 107.89 105.92 107.28 107.63 117.39
 31.68 34.75 38.03 41.12 44.24 47.47 49.92 53.63 56.97 60.06 63.25 57.98 69.64 72.87 71.73 79.12 82.04 85.78 88.80 91.91 94.85 68.01 101.32 104.57 107.77 68.78 107.34 78.24 107.17 106.23 117.23
 31.67 34.80 38.05 40.50 44.21 47.33 50.75 49.13 57.00 60.16 58.39 57.22 69.79 72.87 67.19 79.09 82.26 85.48 88.66 66.52 66.38 79.24 101.47 104.41 107.95 107.61 106.58 107.26 105.98 106.83 117.25
 31.59 34.69 37.98 41.09 44.06 42.11 50.66 49.53 56.94 60.11 63.02 60.13 69.23 72.73 61.18 78.94 81.88 85.32 64.56 86.98 81.73 87.49 101.24 68.07 107.49 107.06 106.89 106.72 106.21 82.18 117.06
 31.63 34.66 37.86 32.09 41.32 40.96 50.55 46.22 51.55 59.98 51.77 57.29 69.06 66.63 48.82 70.75 81.47 85.46 73.17 67.82 78.26 62.11 66.14 64.12 106.84 103.35 106.50 107.10 92.29 74.23 116.19
 31.54 31.30 37.77 27.41 39.32 39.72 50.39 44.23 50.64 59.67 53.74 47.04 51.17 60.43 43.23 52.22 60.82 85.10 61.47 69.29 81.24 46.53 100.18 66.58 95.43 83.49 92.63 83.91 80.31 70.25 91.55
 31.24 25.85 30.20 25.49 37.32 36.57 44.62 34.98 41.37 54.66 44.76 44.03 36.87 47.22 38.54 45.31 51.25 79.75 55.53 59.14 59.03 41.56 63.03 44.27 62.97 52.36 80.23 54.82 76.62 54.64 70.49
 22.80 18.99 25.13 21.24 24.86 29.25 31.22 27.77 28.21 36.47 30.01 33.33 25.12 33.85 32.91 35.05 36.25 57.10 46.44 47.10 42.53 35.26 46.79 49.27 53.08 51.11 55.05 57.20 55.33 48.99 49.86
 16.49 16.36 18.68 18.16 19.64 20.95 21.12 21.32 20.72 22.39 21.05 21.96 21.03 26.14 26.99 27.97 28.69 40.18 38.49 40.35 39.02 34.79 30.42 39.90 43.86 37.71 43.62 43.10 44.04 42.05 35.31
 13.24 14.84 15.10 17.20 16.10 16.87 16.94 18.15 18.93 17.60 18.63 18.70 19.20 20.20 21.94 21.30 21.53 31.04 31.04 34.17 30.83 30.38 29.72 35.30 35.75 31.69 33.50 33.74 33.36 36.05 31.78
 11.83 13.87 13.31 16.10 14.71 15.46 15.48 16.38 16.91 15.70 17.34 17.18 18.69 17.85 20.23 20.21 18.89 26.40 28.47 28.99 27.31 28.28 29.14 28.13 28.56 29.62 29.08 30.91 28.27 30.86 31.58
 11.43 13.19 12.67 14.66 14.18 15.33 15.16 16.12 16.17 15.42 16.26 16.89 18.03 17.53 18.98 19.17 17.91 25.26 26.46 26.16 23.82 27.81 28.09 28.06 27.30 27.43 26.44 27.88 26.73 27.88 26.18
 11.53 12.65 12.95 14.44 14.41 15.10 15.42 16.33 16.33 15.98 15.95 17.00 17.89 17.97 19.10 19.08 19.15 25.08 24.48 25.43 25.36 25.65 26.66 26.80 26.66 26.69 26.53 26.64 26.51 26.70 27.18
 11.74 12.68 13.46 14.35 14.51 15.38 15.78 16.92 16.89 16.86 16.90 17.43 18.07 18.35 19.30 18.71 19.92 25.08 23.52 25.35 25.30 25.38 25.60 26.66 26.58 26.18 26.37 26.55 26.49 26.51 25.52
 11.98 12.80 13.58 14.71 14.44 15.78 16.17 17.23 17.39 17.59 17.50 17.95 17.75 19.02 20.10 20.16 20.51 25.07 23.24 25.32 23.37 23.40 25.49 26.64 26.20 25.04 26.52 26.51 26.48 26.26 24.43
 12.31 12.83 13.65 14.65 14.88 15.95 16.54 17.12 18.22 18.06 18.28 18.96 19.08 19.56 21.07 20.63 20.81 25.06 25.27 25.31 25.30 23.20 25.49 25.77 26.56 26.51 26.51 26.36 26.48 26.49 26.73
 12.19 13.24 13.83 14.84 15.11 15.77 16.38 17.53 18.13 18.56 18.48 19.24 19.87 20.08 21.46 21.16 21.26 25.04 25.27 25.30 25.29 24.75 25.47 24.37 26.55 23.89 26.49 26.22 26.46 26.47 24.21
 12.33 13.48 14.05 14.97 15.77 15.88 16.43 17.49 18.20 19.21 19.45 19.55 19.56 20.93 21.94 21.98 21.84 25.03 25.25 25.31 23.46 24.48 25.46 23.87 26.51 26.49 26.48 26.46 26.45 25.47 24.30
 12.47 13.36 14.26 15.10 15.95 16.61 16.72 17.85 18.43 18.92 20.02 20.34 20.69 21.29 22.54 22.17 22.14 24.88 23.57 25.28 25.25 25.22 25.46 26.57 25.57 24.50 26.47 26.44 25.41 26.45 26.67
 12.67 13.48 14.52 15.30 15.68 16.82 17.23 17.92 18.76 19.01 18.75 20.93 21.41 21.59 22.72 22.91 23.11 24.98 25.21 25.26 23.44 24.42 25.44 25.58 26.50 26.45 25.72 26.41 26.41 26.42 25.50
 12.66 13.48 14.82 15.38 15.90 16.88 17.61 17.89 18.80 19.27 19.97 20.37 21.93 20.82 23.20 23.13 23.31 25.00 25.17 24.45 22.99 25.18 25.43 24.01 26.50 26.43 26.43 26.33 26.41 26.41 24.41
 12.66 13.47 14.80 15.37 16.15 16.85 17.97 18.38 18.83 19.24 20.22 20.95 20.88 22.61 23.69 23.68 23.91 24.96 25.18 25.22 24.29 22.86 25.42 25.24 26.47 26.43 25.33 25.27 26.38 26.38 25.52
 12.65 13.47 14.80 15.29 16.27 17.15 18.02 18.68 18.96 19.58 20.28 20.60 21.93 23.15 23.38 24.09 24.35 24.93 25.13 25.19 23.30 25.15 25.39 25.62 26.42 26.38 26.02 26.38 26.32 26.38 25.75
 12.66 13.47 14.80 15.36 16.26 17.13 18.06 18.77 18.95 19.82 19.36 20.78 20.65 22.93 23.03 24.39 24.83 24.93 25.14 25.19 25.11 24.42 25.35 26.48 26.42 26.37 25.55 26.25 26.34 26.33 24.33
 12.64 13.46 14.79 15.36 16.26 17.12 17.89 18.52 19.00 19.96 19.29 21.72 22.24 22.87 24.16 24.37 24.82 24.12 25.11 25.15 25.11 25.09 25.30 25.22 26.39 26.34 26.34 26.31 26.30 26.28 26.55
 12.64 13.46 14.79 15.35 16.24 17.13 18.03 18.92 18.99 20.02 19.60 21.71 21.36 22.83 24.11 24.12 24.79 24.85 25.08 25.12 24.07 23.08 25.28 26.37 26.33 26.32 26.27 26.12 26.28 26.13 25.55
 12.63 13.43 14.77 15.32 16.23 17.10 18.01 18.90 18.96 19.99 20.03 20.97 21.96 22.79 24.07 24.27 24.72 24.74 25.00 25.05 25.06 24.16 25.27 25.40 26.24 26.24 25.17 26.10 26.17 26.24 26.46
 12.62 13.44 14.75 15.31 16.21 17.07 17.23 18.87 18.93 19.92 19.48 21.64 22.13 22.73 24.01 24.12 24.58 24.69 24.92 24.63 24.95 24.86 25.21 26.22 26.24 26.14 24.98 25.09 26.12 26.13 26.40
 12.61 13.42 14.73 15.30 16.15 17.08 17.68 18.85 18.90 19.89 19.51 21.59 22.11 22.67 23.95 24.10 22.64 24.53 24.74 24.94 22.84 24.76 25.17 26.22 26.16 26.16 25.89 24.50 26.06 26.13 25.14
 12.61 13.40 14.72 15.28 16.07 17.00 17.40 18.80 18.85 19.86 19.52 21.53 21.87 22.64 23.76 23.94 24.20 24.34 24.58 24.84 24.76 23.74 24.75 26.07 24.51 26.02 25.49 25.99 25.94 25.96 25.73
 12.58 13.42 14.70 15.27 16.11 16.99 17.39 18.77 18.76 19.86 19.88 21.44 21.95 22.56 23.61 23.59 24.29 24.44 24.65 24.79 23.78 24.66 23.94 26.06 25.97 25.92 24.01 24.11 25.63 25.84 25.13
 12.57 13.38 14.66 15.15 15.60 16.81 17.38 18.64 18.46 19.66 18.80 21.05 21.72 22.25 23.44 22.22 24.10 24.07 24.45 24.64 24.37 24.17 24.69 25.49 25.37 25.71 24.40 25.49 25.33 25.49 23.63
 12.51 13.36 14.55 15.10 15.43 16.82 16.92 18.14 18.40 19.28 19.21 20.33 21.60 22.01 22.44 23.16 23.52 23.16 23.71 24.34 23.34 23.33 22.14 22.15 24.59 25.40 24.48 25.31 25.33 25.00 25.72
 12.44 13.26 14.28 14.94 15.19 16.66 16.30 17.15 18.26 18.44 19.31 19.54 20.54 21.60 22.55 22.53 21.83 21.76 22.08 23.50 22.84 23.23 23.67 22.90 23.69 24.41 23.11 23.20 24.61 22.57 21.98
 12.38 13.20 13.95 14.74 14.99 16.25 16.12 17.63 18.09 17.95 18.56 19.20 20.58 20.96 21.22 21.62 18.92 21.04 20.60 22.65 22.39 21.64 22.78 19.90 22.92 23.65 21.88 23.62 22.93 23.48 22.78
 12.18 13.05 13.76 14.20 15.09 15.64 16.19 16.97 17.40 17.61 18.03 18.85 19.57 20.01 20.16 20.35 19.12 20.65 19.42 21.45 20.55 20.48 21.85 21.33 22.04 22.65 21.23 22.61 22.12 22.88 22.97
 11.89 12.78 13.43 13.86 14.71 15.03 15.83 16.28 16.72 17.17 17.39 17.93 18.33 18.97 19.11 19.12 18.62 19.57 18.49 19.57 19.62 20.10 19.85 20.65 20.93 21.29 19.37 21.63 20.66 21.03 21.14
 11.57 12.43 13.04 13.66 14.22 14.33 15.44 15.10 16.14 16.46 16.03 17.38 17.41 17.98 18.10 18.27 18.05 18.57 17.77 18.04 19.39 19.15 17.70 19.53 19.69 20.01 19.87 18.55 19.66 20.21 20.63
 11.37 12.16 12.72 13.26 13.75 14.32 14.85 14.99 15.58 15.78 15.38 16.63 16.61 17.20 17.25 17.44 17.32 17.67 17.19 17.99 18.30 17.64 18.81 18.74 18.64 18.98 18.75 19.08 18.74 19.19 17.50
 11.07 11.78 12.31 13.04 13.49 13.96 14.44 14.56 15.12 15.14 14.83 16.08 15.42 16.58 16.61 16.73 16.76 16.95 16.80 16.88 17.09 16.91 16.88 17.98 17.81 18.19 18.21 18.35 17.99 18.42 17.24
 10.97 11.57 12.10 12.80 13.07 13.75 14.04 14.20 14.60 14.66 14.80 14.91 15.40 15.91 16.09 16.17 16.30 16.35 16.47 16.65 16.88 16.79 17.05 17.33 17.17 17.40 17.49 17.58 17.27 17.70 17.23
 10.76 11.36 11.85 12.55 12.88 13.41 13.75 13.87 14.27 14.31 14.56 15.08 14.51 15.47 15.27 15.40 15.88 15.92 16.08 16.10 16.33 16.28 16.83 16.74 16.62 16.96 16.92 17.16 16.76 17.18 16.20
 10.55 11.30 11.69 12.38 12.67 13.14 13.48 13.55 13.95 13.94 13.95 14.73 14.36 15.13 15.20 15.31 15.06 15.53 15.71 15.66 15.88 15.89 16.42 16.03 16.16 16.50 15.91 16.71 16.35 16.74 16.64
 10.45 11.07 11.54 12.18 12.51 12.96 13.29 13.26 13.61 13.67 13.98 14.38 14.26 14.86 14.87 14.86 15.13 15.19 15.36 15.04 15.54 15.58 16.06 15.86 15.81 16.10 16.06 16.32 15.75 15.82 16.15
 10.34 10.94 11.42 12.02 12.29 12.77 13.05 12.98 13.46 13.43 13.56 13.99 14.00 14.53 14.63 14.70 14.46 14.93 15.05 14.99 15.27 15.25 15.61 15.58 15.51 15.79 15.81 15.90 15.58 15.83 15.77
 10.24 10.83 11.29 11.93 12.19 12.62 12.85 12.80 13.30 13.25 13.55 13.94 13.68 14.31 14.40 14.19 14.58 14.67 14.79 14.38 15.00 14.98 15.23 15.30 15.26 15.49 15.39 15.67 15.31 15.38 15.49
 10.14 10.71 11.21 11.78 12.12 12.61 12.79 12.82 13.06 13.01 13.37 13.70 13.59 14.12 14.20 14.23 14.18 14.48 14.62 14.55 14.43 14.79 15.23 15.08 15.07 15.29 15.27 15.09 15.18 15.23 15.40
 10.05 10.61 11.11 11.72 12.00 12.55 12.66 12.72 12.99 12.98 13.18 13.55 13.39 13.95 14.02 14.05 14.20 14.31 14.42 14.34 14.59 14.57 14.86 14.78 14.85 15.11 15.12 15.17 15.01 15.04 15.02
 9.99 10.54 11.03 11.64 11.92 12.43 12.59 12.62 12.84 12.84 13.10 13.39 13.24 13.79 13.88 13.89 14.00 14.11 14.25 14.00 14.22 14.42 14.75 14.53 14.69 14.85 14.83 15.12 14.74 14.95 15.04
 9.95 10.49 10.97 11.57 11.85 12.38 12.53 12.55 12.82 12.77 12.89 13.20 13.10 13.60 13.76 13.76 13.89 14.01 14.10 14.02 14.19 14.30 14.71 14.60 14.54 14.76 14.79 14.99 14.71 15.02 14.88
 9.89 10.43 10.91 11.51 11.80 12.34 12.47 12.47 12.71 12.71 12.79 13.12 13.02 13.54 13.53 13.64 13.67 13.90 14.03 13.86 14.14 14.19 14.58 14.47 14.42 14.63 14.65 14.74 14.57 14.79 14.73
 9.85 10.38 10.85 11.46 11.73 12.30 12.40 12.35 12.69 12.64 12.68 13.04 12.95 13.42 13.56 13.52 13.66 13.81 13.92 13.81 14.04 14.08 14.44 14.20 14.22 14.40 14.43 14.76 14.37 14.71 14.62
 9.82 10.34 10.80 11.39 11.69 12.27 12.33 12.39 12.64 12.60 12.61 12.95 12.82 13.28 13.37 13.38 13.57 13.67 13.69 13.63 13.96 13.96 14.32 14.27 14.24 14.44 14.41 14.56 14.35 14.61 14.46
 9.80 10.29 10.76 11.35 11.65 12.21 12.35 12.31 12.59 12.58 12.56 12.88 12.83 13.29 13.42 13.30 13.45 13.65 13.73 13.55 13.90 13.91 14.33 14.09 14.15 14.37 14.39 14.56 14.22 14.53 14.47
 9.78 10.26 10.74 11.33 11.60 12.21 12.33 12.31 12.53 12.54 12.61 12.84 12.81 13.22 13.33 13.27 13.44 13.61 13.66 13.57 13.84 13.84 14.27 14.16 14.11 14.31 14.32 14.54 14.21 14.50 14.36
 9.76 10.25 10.72 11.29 11.58 12.19 12.30 12.29 12.54 12.51 12.59 12.81 12.78 13.19 13.30 13.23 13.41 13.57 13.68 13.54 13.82 13.81 14.22 14.11 14.05 14.27 14.21 14.40 14.19 14.07 14.34
 9.74 10.25 10.69 11.29 11.58 12.18 12.28 12.31 12.54 12.50 12.61 12.74 12.70 13.13 13.31 13.23 13.35 13.48 13.64 13.46 13.77 13.80 14.20 14.02 14.04 14.24 14.21 14.37 14.20 14.37 14.26
 9.72 10.23 10.69 11.25 11.58 12.17 12.28 12.31 12.50 12.51 12.55 12.76 12.72 13.05 13.24 13.20 13.28 13.53 13.61 13.43 13.75 13.79 14.11 14.00 14.01 14.18 14.22 14.42 14.18 14.66 14.26
 9.72 10.23 10.67 11.26 11.56 12.15 12.27 12.31 12.52 12.51 12.57 12.77 12.69 13.10 13.26 13.18 13.26 13.48 13.60 13.41 13.74 13.76 14.15 14.03 14.00 14.08 14.23 14.41 14.11 14.66 14.29
 9.71 10.22 10.66 11.25 11.54 12.15 12.29 12.28 12.51 12.49 12.57 12.75 12.69 13.07 13.23 13.12 13.27 13.45 13.55 13.43 13.72 13.70 13.95 14.00 13.95 14.16 14.20 14.39 14.09 14.60 14.26
 9.70 10.21 10.65 11.24 11.53 12.15 12.28 12.31 12.48 12.49 12.56 12.72 12.68 13.06 13.20 13.13 13.26 13.46 13.58 13.39 13.70 13.73 13.98 14.02 13.98 14.17 14.16 14.34 14.11 14.63 14.27
 9.70 10.20 10.64 11.22 11.53 12.12 12.27 12.30 12.49 12.49 12.55 12.73 12.69 13.03 13.19 13.11 13.22 13.46 13.53 13.39 13.69 13.72 14.05 13.96 13.95 14.14 14.14 14.33 14.14 14.62 14.21
 9.69 10.19 10.64 11.22 11.53 12.13 12.25 12.30 12.49 12.49 12.55 12.72 12.67 13.02 13.19 13.08 13.22 13.45 13.55 13.39 13.67 13.70 14.09 13.98 13.92 14.12 14.18 14.37 14.12 14.59 14.25
 9.69 10.19 10.63 11.22 11.52 12.12 12.25 12.30 12.49 12.47 12.54 12.69 12.64 13.02 13.17 13.09 13.25 13.44 13.53 13.37 13.67 13.70 14.09 13.96 13.94 14.12 14.14 14.35 14.08 14.53 14.21
 9.68 10.18 10.63 11.21 11.52 12.12 12.27 12.29 12.49 12.48 12.54 12.69 12.65 12.99 13.19 13.09 13.23 13.41 13.52 13.36 13.66 13.68 14.05 13.96 13.91 14.12 14.16 14.32 14.09 14.55 14.20
 9.68 10.18 10.63 11.21 11.51 12.11 12.26 12.29 12.49 12.48 12.53 12.69 12.65 13.00 13.19 13.05 13.21 13.41 13.53 13.35 13.66 13.69 14.07 13.96 13.93 14.10 14.16 14.29 14.11 14.55 14.20
 9.68 10.17 10.63 11.20 11.51 12.11 12.26 12.30 12.48 12.48 12.52 12.68 12.65 12.98 13.17 13.05 13.21 13.42 13.52 13.34 13.65 13.68 14.06 13.97 13.90 14.07 14.13 14.30 14.06 14.55 14.14
 9.68 10.17 10.62 11.20 11.50 12.10 12.27 12.31 12.48 12.48 12.52 12.69 12.64 12.98 13.17 13.06 13.21 13.42 13.50 13.34 13.65 13.67 14.04 13.95 13.91 14.10 14.12 14.30 14.08 14.56 13.97
 9.68 10.17 10.61 11.20 11.50 12.10 12.27 12.30 12.48 12.48 12.51 12.68 12.63 12.98 13.16 13.00 13.20 13.40 13.50 13.28 13.64 13.67 14.05 13.92 13.89 14.08 14.13 14.32 14.08 14.56 13.96
 9.67 10.17 10.62 11.19 11.49 12.10 12.26 12.31 12.48 12.48 12.52 12.67 12.62 12.97 13.16 13.03 13.20 13.40 13.51 13.32 13.64 13.66 14.05 13.93 13.90 14.09 14.11 14.31 14.04 14.55 13.96
 9.67 10.17 10.60 11.19 11.48 12.09 12.26 12.32 12.48 12.47 12.52 12.67 12.60 12.96 13.16 13.05 13.18 13.40 13.50 13.31 13.63 13.66 14.05 13.93 13.89 14.08 14.12 14.30 14.07 14.55 13.95
 9.67 10.17 10.60 11.19 11.49 12.08 12.27 12.33 12.48 12.48 12.51 12.67 12.62 12.95 13.14 13.03 13.16 13.39 13.51 13.30 13.63 13.66 14.04 13.93 13.89 14.07 14.12 14.30 14.08 14.53 13.96
 9.67 10.16 10.61 11.19 11.49 12.08 12.27 12.33 12.48 12.48 12.51 12.66 12.61 12.96 13.15 13.03 13.17 13.39 13.49 13.30 13.49 13.66 14.03 13.94 13.90 14.07 14.11 14.30 14.05 14.54 13.96
