CPU: Intel Broadwell microarchitecture, speed 2596.76 MHz (estimated)
Counted CPU_CLK_UNHALTED events (Clock cycles when not halted) with a unit mask of 0x00 (No unit mask) count 10000000
Counted INST_RETIRED events (number of instructions retired) with a unit mask of 0x00 (No unit mask) count 10000000
vma      samples  %        samples  %        app name                 symbol name
00400732 778      52.7815  2300     49.6117  multiply_debug           mult_simple(double*, double*, double*)
  00400797 43        5.5270  128       5.5652
  0040079d 1         0.1285  0              0
  004007a1 15        1.9280  32        1.3913
  004007a6 28        3.5990  103       4.4783
  004007aa 8         1.0283  30        1.3043
  004007b6 51        6.5553  119       5.1739
  004007b9 0              0  1         0.0435
  004007bf 11        1.4139  18        0.7826
  004007c3 0              0  1         0.0435
  004007c5 27        3.4704  101       4.3913
  004007c8 0              0  2         0.0870
  004007ca 15        1.9280  32        1.3913
  004007cc 1         0.1285  0              0
  004007d4 30        3.8560  103       4.4783
  004007d8 2         0.2571  0              0
  004007db 10        1.2853  22        0.9565
  004007df 2         0.2571  5         0.2174
  004007e5 39        5.0129  109       4.7391
  004007e9 0              0  1         0.0435
  004007eb 12        1.5424  13        0.5652
  004007ee 0              0  2         0.0870
  004007f0 30        3.8560  147       6.3913
  004007fa 10        1.2853  15        0.6522
  004007fe 0              0  2         0.0870
  00400801 43        5.5270  122       5.3043
  00400805 1         0.1285  2         0.0870
  0040080b 19        2.4422  34        1.4783
  0040080f 0              0  2         0.0870
  00400811 43        5.5270  118       5.1304
  00400814 1         0.1285  6         0.2609
  00400816 9         1.1568  73        3.1739
  00400818 0              0  2         0.0870
  00400820 41        5.2699  127       5.5217
  00400824 0              0  2         0.0870
  00400827 9         1.1568  39        1.6957
  0040082b 78       10.0257  170       7.3913
  0040082f 86       11.0540  231      10.0435
  00400833 66        8.4833  214       9.3043
  00400837 37        4.7558  116       5.0435
  0040083b 10        1.2853  56        2.4348
00400873 634      43.0122  2300     49.6117  multiply_debug           mult_KIJ(double*, double*, double*)
  004008cc 0              0  3         0.1304
  004008d8 42        6.6246  148       6.4348
  004008e2 18        2.8391  44        1.9130
  004008e7 35        5.5205  133       5.7826
  004008e9 1         0.1577  1         0.0435
  004008eb 11        1.7350  61        2.6522
  004008f7 42        6.6246  124       5.3913
  004008fa 0              0  1         0.0435
  00400900 10        1.5773  43        1.8696
  00400906 37        5.8360  114       4.9565
  00400909 1         0.1577  1         0.0435
  0040090b 16        2.5237  49        2.1304
  00400915 34        5.3628  111       4.8261
  00400919 1         0.1577  0              0
  0040091c 8         1.2618  31        1.3478
  00400920 6         0.9464  6         0.2609
  00400926 31        4.8896  109       4.7391
  0040092a 1         0.1577  0              0
  0040092c 13        2.0505  27        1.1739
  0040092f 1         0.1577  2         0.0870
  00400931 33        5.2050  136       5.9130
  00400933 1         0.1577  0              0
  0040093b 16        2.5237  24        1.0435
  0040093f 0              0  3         0.1304
  00400942 30        4.7319  128       5.5652
  00400946 5         0.7886  9         0.3913
  0040094c 18        2.8391  36        1.5652
  00400950 2         0.3155  5         0.2174
  00400952 40        6.3091  167       7.2609
  00400955 2         0.3155  2         0.0870
  00400957 11        1.7350  78        3.3913
  00400959 0              0  4         0.1739
  00400961 38        5.9937  152       6.6087
  00400965 0              0  3         0.1304
  00400968 14        2.2082  55        2.3913
  0040096c 0              0  3         0.1304
  00400970 42        6.6246  158       6.8696
  00400974 30        4.7319  132       5.7391
  00400978 33        5.2050  146       6.3478
  0040097c 11        1.7350  50        2.1739
  0040098f 0              0  1         0.0435
00000000 47        3.1886  18        0.3883  no-vmlinux               /no-vmlinux
  ffffffff8102e966 1         2.1277  0              0
  ffffffff81030689 1         2.1277  0              0
  ffffffff81032f5a 0              0  1         5.5556
  ffffffff810b325b 1         2.1277  0              0
  ffffffff810b4e00 0              0  1         5.5556
  ffffffff810c34d8 0              0  1         5.5556
  ffffffff810cb322 1         2.1277  0              0
  ffffffff810d1540 0              0  1         5.5556
  ffffffff810d2b4f 0              0  1         5.5556
  ffffffff810d2ca8 0              0  1         5.5556
  ffffffff810d3242 0              0  1         5.5556
  ffffffff810f925a 1         2.1277  0              0
  ffffffff8111ec3f 1         2.1277  0              0
  ffffffff8113a652 1         2.1277  0              0
  ffffffff811800d8 1         2.1277  0              0
  ffffffff8118a16d 1         2.1277  0              0
  ffffffff811a0365 0              0  1         5.5556
  ffffffff811a1ff3 1         2.1277  0              0
  ffffffff811b07ba 1         2.1277  0              0
  ffffffff811b0852 1         2.1277  0              0
  ffffffff811db464 0              0  1         5.5556
  ffffffff811fd473 1         2.1277  0              0
  ffffffff811feaf0 0              0  1         5.5556
  ffffffff81203095 1         2.1277  0              0
  ffffffff812154ff 0              0  1         5.5556
  ffffffff8131e0ef 0              0  1         5.5556
  ffffffff813250d7 1         2.1277  0              0
  ffffffff8138f967 6        12.7660  0              0
  ffffffff81513840 1         2.1277  0              0
  ffffffff81513842 4         8.5106  5        27.7778
  ffffffff81513849 16       34.0426  0              0
  ffffffff81515373 0              0  1         5.5556
  ffffffff815f649d 1         2.1277  0              0
  ffffffff81691994 1         2.1277  0              0
  ffffffff81691c9d 1         2.1277  0              0
  ffffffff816970b0 2         4.2553  0              0
004009b4 3         0.2035  5         0.1079  multiply_debug           init_mat(double*, int, int)
  004009d9 1        33.3333  1        20.0000
  004009e5 0              0  2        40.0000
  00400a18 0              0  1        20.0000
  00400a20 0              0  1        20.0000
  00400a24 2        66.6667  0              0
00000000 2         0.1357  3         0.0647  bash                     /usr/bin/bash
  0001e9e2 0              0  1        33.3333
  0001ea2d 0              0  1        33.3333
  00026418 0              0  1        33.3333
  0003aede 1        50.0000  0              0
  00054d92 1        50.0000  0              0
00000000 2         0.1357  0              0  libperl.so               /usr/lib64/perl5/CORE/libperl.so
  00114330 1        50.0000  0              0
  0011763d 1        50.0000  0              0
000092c0 1         0.0678  0              0  ld-2.17.so               do_lookup_x
  00009408 1        100.000  0              0
00023940 1         0.0678  0              0  libc-2.17.so             __gconv_find_transform
  00023940 1        100.000  0              0
00089700 1         0.0678  0              0  libc-2.17.so             __memset_sse2
  000897a5 1        100.000  0              0
00133570 1         0.0678  0              0  libc-2.17.so             __strcmp_sse42
  00133581 1        100.000  0              0
00131b50 1         0.0678  0              0  libc-2.17.so             _dl_addr
  00131d2d 1        100.000  0              0
0007ff70 1         0.0678  0              0  libc-2.17.so             malloc
  0007fffc 1        100.000  0              0
00000000 1         0.0678  0              0  ophelp                   /usr/bin/ophelp
  00001660 1        100.000  0              0
00000000 1         0.0678  0              0  rngd                     /usr/sbin/rngd
  000028ea 1        100.000  0              0
00018e10 0              0  1         0.0216  ld-2.17.so               strcmp
  00018e16 0              0  1        100.000
00027820 0              0  1         0.0216  libc-2.17.so             __gconv_transform_utf8_internal
  00027914 0              0  1        100.000
0015e790 0              0  1         0.0216  libc-2.17.so             __memcmp_sse4_1
  0015f4d6 0              0  1        100.000
00073710 0              0  4         0.0863  libc-2.17.so             fgetc
  0007376c 0              0  1        25.0000
  000737b0 0              0  3        75.0000
00039350 0              0  1         0.0216  libc-2.17.so             random
  00039359 0              0  1        100.000
000395b0 0              0  2         0.0431  libc-2.17.so             random_r
  000395cc 0              0  1        50.0000
  000395e5 0              0  1        50.0000
